2654 3125 4318 1578 3125 2639 473 4179 2639 2348 99 1578 1 473 2284 3125 1578 2348 2639 99 4179 2639 1941 4179 2808 3125 
1328 4179 3138 2639 1298 473 4179 2654 2639 99 3722 3125 2639 1578 3138 1941 3125 2348 2639 1 473 1024 2639 2348 4179 2639 1024 4179 2639 957 
1 2639 2935 3138 1941 1941 2639 243 4179 3377 3377 957 99 3377 3125 473 99 4318 2348 2639 2654 3722 1 99 2639 957 4318 3377 2639 99 3722 957 473 1298 957 473 2284 2639 4179 2935 
1328 4179 3138 2639 2654 4179 3138 1941 1024 473 4318 99 2639 2284 3125 99 2639 99 3722 957 2348 2639 2935 1578 4179 3377 2639 1 473 1328 2639 4179 99 3722 3125 1578 2639 2284 3138 1328 
957 2639 3180 3138 2348 99 2639 2654 1 473 473 1 2639 99 3125 1941 1941 2639 1328 4179 3138 2639 3722 4179 2654 2639 957 4318 3377 2639 2935 3125 3125 1941 957 473 2284 
2284 4179 99 99 1 2639 3377 1 1298 3125 2639 1328 4179 3138 2639 3138 473 1024 3125 1578 2348 99 1 473 1024 
473 3125 2808 3125 1578 2639 2284 4179 473 473 1 2639 2284 957 2808 3125 2639 1328 4179 3138 2639 3138 2920 
473 3125 2808 3125 1578 2639 2284 4179 473 473 1 2639 1941 3125 99 2639 1328 4179 3138 2639 1024 4179 2654 473 
473 3125 2808 3125 1578 2639 2284 4179 473 473 1 2639 1578 3138 473 2639 1 1578 4179 3138 473 1024 2639 1 473 1024 2639 1024 3125 2348 3125 1578 99 2639 1328 4179 3138 
473 3125 2808 3125 1578 2639 2284 4179 473 473 1 2639 3377 1 1298 3125 2639 1328 4179 3138 2639 243 1578 1328 
473 3125 2808 3125 1578 2639 2284 4179 473 473 1 2639 2348 1 1328 2639 2284 4179 4179 1024 32 1328 3125 
473 3125 2808 3125 1578 2639 2284 4179 473 473 1 2639 99 3125 1941 1941 2639 1 2639 1941 957 3125 2639 1 473 1024 2639 3722 3138 1578 99 2639 1328 4179 3138 
2654 3125 4318 2808 3125 2639 1298 473 4179 2654 473 2639 3125 1 243 3722 2639 4179 99 3722 3125 1578 2639 2935 4179 1578 2639 2348 4179 2639 1941 4179 473 2284 
1328 4179 3138 1578 2639 3722 3125 1 1578 99 4318 2348 2639 32 3125 3125 473 2639 1 243 3722 957 473 2284 2639 32 3138 99 2639 1328 4179 3138 4318 1578 3125 2639 99 4179 4179 2639 2348 3722 1328 2639 99 4179 2639 2348 1 1328 2639 957 99 
957 473 2348 957 1024 3125 2639 2654 3125 2639 32 4179 99 3722 2639 1298 473 4179 2654 2639 2654 3722 1 99 4318 2348 2639 32 3125 3125 473 2639 2284 4179 957 473 2284 2639 4179 473 
2654 3125 2639 1298 473 4179 2654 2639 99 3722 3125 2639 2284 1 3377 3125 2639 1 473 1024 2639 2654 3125 4318 1578 3125 2639 2284 4179 473 473 1 2639 2920 1941 1 1328 2639 957 99 
1 473 1024 2639 957 2935 2639 1328 4179 3138 2639 1 2348 1298 2639 3377 3125 2639 3722 4179 2654 2639 957 4318 3377 2639 2935 3125 3125 1941 957 473 2284 
1024 4179 473 4318 99 2639 99 3125 1941 1941 2639 3377 3125 2639 1328 4179 3138 4318 1578 3125 2639 99 4179 4179 2639 32 1941 957 473 1024 2639 99 4179 2639 2348 3125 3125 
473 3125 2808 3125 1578 2639 2284 4179 473 473 1 2639 2284 957 2808 3125 2639 1328 4179 3138 2639 3138 2920 
473 3125 2808 3125 1578 2639 2284 4179 473 473 1 2639 1941 3125 99 2639 1328 4179 3138 2639 1024 4179 2654 473 
473 3125 2808 3125 1578 2639 2284 4179 473 473 1 2639 1578 3138 473 2639 1 1578 4179 3138 473 1024 2639 1 473 1024 2639 1024 3125 2348 3125 1578 99 2639 1328 4179 3138 
473 3125 2808 3125 1578 2639 2284 4179 473 473 1 2639 3377 1 1298 3125 2639 1328 4179 3138 2639 243 1578 1328 
473 3125 2808 3125 1578 2639 2284 4179 473 473 1 2639 2348 1 1328 2639 2284 4179 4179 1024 32 1328 3125 
473 3125 2808 3125 1578 2639 2284 4179 473 473 1 2639 99 3125 1941 1941 2639 1 2639 1941 957 3125 2639 1 473 1024 2639 3722 3138 1578 99 2639 1328 4179 3138 
473 3125 2808 3125 1578 2639 2284 4179 473 473 1 2639 2284 957 2808 3125 2639 1328 4179 3138 2639 3138 2920 
473 3125 2808 3125 1578 2639 2284 4179 473 473 1 2639 1941 3125 99 2639 1328 4179 3138 2639 1024 4179 2654 473 
473 3125 2808 3125 1578 2639 2284 4179 473 473 1 2639 1578 3138 473 2639 1 1578 4179 3138 473 1024 2639 1 473 1024 2639 1024 3125 2348 3125 1578 99 2639 1328 4179 3138 
473 3125 2808 3125 1578 2639 2284 4179 473 473 1 2639 3377 1 1298 3125 2639 1328 4179 3138 2639 243 1578 1328 
473 3125 2808 3125 1578 2639 2284 4179 473 473 1 2639 2348 1 1328 2639 2284 4179 4179 1024 32 1328 3125 
473 3125 2808 3125 1578 2639 2284 4179 473 473 1 2639 99 3125 1941 1941 2639 1 2639 1941 957 3125 2639 1 473 1024 2639 3722 3138 1578 99 2639 1328 4179 3138 
473 3125 2808 3125 1578 2639 2284 4179 473 473 1 2639 2284 957 2808 3125 3021 2639 473 3125 2808 3125 1578 2639 2284 4179 473 473 1 2639 2284 957 2808 3125 
1461 2284 957 2808 3125 2639 1328 4179 3138 2639 3138 2920 749 
1461 4179 4179 3722 749 2639 473 3125 2808 3125 1578 2639 2284 4179 473 473 1 2639 2284 957 2808 3125 3021 2639 473 3125 2808 3125 1578 2639 2284 4179 473 473 1 2639 2284 957 2808 3125 
1461 2284 957 2808 3125 2639 1328 4179 3138 2639 3138 2920 749 
2654 3125 4318 2808 3125 2639 1298 473 4179 2654 473 2639 3125 1 243 3722 2639 4179 99 3722 3125 1578 2639 2935 4179 1578 2639 2348 4179 2639 1941 4179 473 2284 
1328 4179 3138 1578 2639 3722 3125 1 1578 99 4318 2348 2639 32 3125 3125 473 2639 1 243 3722 957 473 2284 2639 32 3138 99 2639 1328 4179 3138 4318 1578 3125 2639 99 4179 4179 2639 2348 3722 1328 2639 99 4179 2639 2348 1 1328 2639 957 99 
957 473 2348 957 1024 3125 2639 2654 3125 2639 32 4179 99 3722 2639 1298 473 4179 2654 2639 2654 3722 1 99 4318 2348 2639 32 3125 3125 473 2639 2284 4179 957 473 2284 2639 4179 473 
2654 3125 2639 1298 473 4179 2654 2639 99 3722 3125 2639 2284 1 3377 3125 2639 1 473 1024 2639 2654 3125 4318 1578 3125 2639 2284 4179 473 473 1 2639 2920 1941 1 1328 2639 957 99 
957 2639 3180 3138 2348 99 2639 2654 1 473 473 1 2639 99 3125 1941 1941 2639 1328 4179 3138 2639 3722 4179 2654 2639 957 4318 3377 2639 2935 3125 3125 1941 957 473 2284 
2284 4179 99 99 1 2639 3377 1 1298 3125 2639 1328 4179 3138 2639 3138 473 1024 3125 1578 2348 99 1 473 1024 
473 3125 2808 3125 1578 2639 2284 4179 473 473 1 2639 2284 957 2808 3125 2639 1328 4179 3138 2639 3138 2920 
473 3125 2808 3125 1578 2639 2284 4179 473 473 1 2639 1941 3125 99 2639 1328 4179 3138 2639 1024 4179 2654 473 
473 3125 2808 3125 1578 2639 2284 4179 473 473 1 2639 1578 3138 473 2639 1 1578 4179 3138 473 1024 2639 1 473 1024 2639 1024 3125 2348 3125 1578 99 2639 1328 4179 3138 
473 3125 2808 3125 1578 2639 2284 4179 473 473 1 2639 3377 1 1298 3125 2639 1328 4179 3138 2639 243 1578 1328 
473 3125 2808 3125 1578 2639 2284 4179 473 473 1 2639 2348 1 1328 2639 2284 4179 4179 1024 32 1328 3125 
473 3125 2808 3125 1578 2639 2284 4179 473 473 1 2639 99 3125 1941 1941 2639 1 2639 1941 957 3125 2639 1 473 1024 2639 3722 3138 1578 99 2639 1328 4179 3138 
473 3125 2808 3125 1578 2639 2284 4179 473 473 1 2639 2284 957 2808 3125 2639 1328 4179 3138 2639 3138 2920 
473 3125 2808 3125 1578 2639 2284 4179 473 473 1 2639 1941 3125 99 2639 1328 4179 3138 2639 1024 4179 2654 473 
473 3125 2808 3125 1578 2639 2284 4179 473 473 1 2639 1578 3138 473 2639 1 1578 4179 3138 473 1024 2639 1 473 1024 2639 1024 3125 2348 3125 1578 99 2639 1328 4179 3138 
473 3125 2808 3125 1578 2639 2284 4179 473 473 1 2639 3377 1 1298 3125 2639 1328 4179 3138 2639 243 1578 1328 
473 3125 2808 3125 1578 2639 2284 4179 473 473 1 2639 2348 1 1328 2639 2284 4179 4179 1024 32 1328 3125 
473 3125 2808 3125 1578 2639 2284 4179 473 473 1 2639 99 3125 1941 1941 2639 1 2639 1941 957 3125 2639 1 473 1024 2639 3722 3138 1578 99 2639 1328 4179 3138 
473 3125 2808 3125 1578 2639 2284 4179 473 473 1 2639 2284 957 2808 3125 2639 1328 4179 3138 2639 3138 2920 
473 3125 2808 3125 1578 2639 2284 4179 473 473 1 2639 1941 3125 99 2639 1328 4179 3138 2639 1024 4179 2654 473 
473 3125 2808 3125 1578 2639 2284 4179 473 473 1 2639 1578 3138 473 2639 1 1578 4179 3138 473 1024 2639 1 473 1024 2639 1024 3125 2348 3125 1578 99 2639 1328 4179 3138 
473 3125 2808 3125 1578 2639 2284 4179 473 473 1 2639 3377 1 1298 3125 2639 1328 4179 3138 2639 243 1578 1328 
